配置python环境，可按照env.yaml安装对应包（包含一些较大的非必须的包），也可在运行时根据报错提示安装对应缺失的
修改以下package内的路径：
--control_transfer  cmakelists.txt
--interface         cmakelists.txt
--rl_planning       scripts/global_csp_node.py首行    scripts/RL_planning_node.py首行    
                    scripts/RL_planning_process.py首行、21行
--webviz_all        cmakelists.txt

可先清空删除build、devel内的全部文件

返回工作空间执行catkin_make -DPYTHON_EXECUTABLE="python环境路径（同上方rl_planning包里py文件首行的地址）"编译
首次编译可能会遇到未找到ros_interface头文件的报错，再执行一遍 catkin_make 即可

启动节点
roslaunch interface interface.launch

debug、info等相关信息会在终端输出

rosrun rqt_gui rqt_gui
catkin_make -DPYTHON_EXECUTABLE=/home/plusgo/miniconda3/envs/geely/bin/python
roslaunch interface geely_geek.launch
rostopic pub -1 /vui_client/ObuCmdMsg ros_interface/ObuCmdMsg "{header: {stamp: now, frame_id: ''}, id: 0, name: '', obu_cmd_list: [ {code: 10086, val: 1} ]}"

static const real_T x_reference_vector[1980] = {-1343.490778773,-1343.550427656,-1343.612612934,-1343.675036871,-1343.740550228,-1343.809028319,-1343.876371597,-1343.945987575,-1344.021095112,-1344.093446401,-1344.158198706,-1344.232026440,-1344.300114530,-1344.374120679,-1344.449519945,-1344.523240628,-1344.596043155,-1344.671327729,-1344.742126329,-1344.817781164,-1344.892648975,-1344.968687439,-1345.047773165,-1345.126438687,-1345.201522184,-1345.274877918,-1345.353283589,-1345.430880328,-1345.503512672,-1345.581873128,-1345.659608271,-1345.738359544,-1345.816761497,-1345.890053317,-1345.968178956,-1346.043329213,-1346.119495929,-1346.198291426,-1346.275010213,-1346.352417833,-1346.426417084,-1346.503877069,-1346.579558613,-1346.659404112,-1346.734960349,-1346.811869692,-1346.885077145,-1346.961771683,-1347.037786350,-1347.117101005,-1347.193317833,-1347.268416181,-1347.348737917,-1347.422998318,-1347.500561739,-1347.574655584,-1347.652702478,-1347.729598623,-1347.808878001,-1347.880735378,-1347.962058174,-1348.035800666,-1348.112503791,-1348.185908062,-1348.264119900,-1348.342971820,-1348.419673564,-1348.498306446,-1348.568426003,-1348.644649863,-1348.724751612,-1348.801753459,-1348.876187929,-1348.956965165,-1349.027567138,-1349.108409140,-1349.182344920,-1349.253568947,-1349.333859166,-1349.411068193,-1349.482540822,-1349.557577942,-1349.633954898,-1349.711311478,-1349.789883278,-1349.862882154,-1349.940517164,-1350.013814639,-1350.092131036,-1350.168689359,-1350.243266842,-1350.319975093,-1350.396343621,-1350.470208697,-1350.548295916,-1350.625388091,-1350.699155220,-1350.776318562,-1350.854310486,-1350.933036307,-1351.003057660,-1351.081792724,-1351.158210777,-1351.236815232,-1351.313161817,-1351.387862384,-1351.463661558,-1351.542360342,-1351.618781297,-1351.697378529,-1351.773600977,-1351.848261788,-1351.922455447,-1352.001082495,-1352.072874981,-1352.155245007,-1352.230817476,-1352.310176065,-1352.386506468,-1352.461001177,-1352.543187353,-1352.616400199,-1352.696641993,-1352.773389616,-1352.854175283,-1352.928444291,-1353.006379752,-1353.083523860,-1353.162066721,-1353.242636801,-1353.319084840,-1353.395845294,-1353.476060196,-1353.557187782,-1353.636837525,-1353.717225192,-1353.793261094,-1353.874724553,-1353.952613391,-1354.034496792,-1354.111653144,-1354.194764003,-1354.273178682,-1354.358261509,-1354.434565899,-1354.517502791,-1354.598925960,-1354.678789249,-1354.764556024,-1354.846658356,-1354.930602276,-1355.013727859,-1355.096073877,-1355.178251286,-1355.260975838,-1355.344660440,-1355.425936907,-1355.510826985,-1355.593474337,-1355.676049561,-1355.766142843,-1355.848041796,-1355.930909412,-1356.020485592,-1356.102202543,-1356.192070631,-1356.281751825,-1356.364726992,-1356.448051197,-1356.538295547,-1356.628066343,-1356.717636300,-1356.804409870,-1356.891165037,-1356.980736229,-1357.072206493,-1357.161352030,-1357.250629947,-1357.342118999,-1357.431233467,-1357.522309517,-1357.612115338,-1357.702076502,-1357.786951830,-1357.879782015,-1357.969274561,-1358.060002114,-1358.154003611,-1358.243832549,-1358.335188071,-1358.426037301,-1358.517500146,-1358.611724954,-1358.702787265,-1358.795054310,-1358.887453861,-1358.979278867,-1359.073260375,-1359.167037720,-1359.259678892,-1359.351085230,-1359.443978352,-1359.536759614,-1359.628984649,-1359.721326058,-1359.815469704,-1359.909126942,-1360.003520810,-1360.097991646,-1360.190028654,-1360.285831440,-1360.376737703,-1360.470161344,-1360.564776451,-1360.658116124,-1360.753350518,-1360.849213613,-1360.941095975,-1361.035216236,-1361.129984075,-1361.225367297,-1361.320865495,-1361.415395728,-1361.508646900,-1361.603858372,-1361.698654783,-1361.793207778,-1361.887683722,-1361.982550403,-1362.077395131,-1362.172279526,-1362.267893325,-1362.363397791,-1362.458528725,-1362.553276143,-1362.647806473,-1362.742288152,-1362.836866746,-1362.933954744,-1363.029013662,-1363.123703929,-1363.219354274,-1363.314079578,-1363.408578045,-1363.503223283,-1363.600553755,-1363.695895553,-1363.790807531,-1363.885939753,-1363.980417359,-1364.075538183,-1364.171526254,-1364.268401360,-1364.363787370,-1364.458342975,-1364.553753929,-1364.648240177,-1364.744298501,-1364.839831605,-1364.935902461,-1365.031437764,-1365.126752206,-1365.222081997,-1365.316879150,-1365.412502540,-1365.507895449,-1365.603216046,-1365.698601445,-1365.794048868,-1365.889960818,-1365.985812834,-1366.081213940,-1366.178491468,-1366.274382451,-1366.369819429,-1366.465245483,-1366.560755404,-1366.656690015,-1366.751404206,-1366.846738156,-1366.942669879,-1367.038702681,-1367.134570658,-1367.230448886,-1367.326324752,-1367.421725035,-1367.517665963,-1367.613185322,-1367.709093836,-1367.804973488,-1367.898844940,-1367.994826626,-1368.089994692,-1368.185824032,-1368.282867235,-1368.378309618,-1368.473755610,-1368.567505372,-1368.663441214,-1368.758836418,-1368.855799866,-1368.951011744,-1369.044933632,-1369.140952790,-1369.236842760,-1369.332567171,-1369.426567957,-1369.523021768,-1369.618064701,-1369.713366151,-1369.809601433,-1369.903080552,-1369.998485208,-1370.095030668,-1370.189411381,-1370.284871923,-1370.378611611,-1370.474706176,-1370.568847891,-1370.664440495,-1370.758767062,-1370.853544856,-1370.948585010,-1371.042284745,-1371.138867022,-1371.233163761,-1371.329064462,-1371.422851870,-1371.516633795,-1371.610408261,-1371.704829629,-1371.801259608,-1371.895079925,-1371.988759210,-1372.082456617,-1372.176891343,-1372.271397345,-1372.365108584,-1372.458789500,-1372.552973803,-1372.649378533,-1372.737606663,-1372.831581619,-1372.925248220,-1373.019569388,-1373.113359152,-1373.207180082,-1373.300793846,-1373.390060770,-1373.483843407,-1373.577581524,-1373.665778001,-1373.760523709,-1373.854229871,-1373.944207938,-1374.038133062,-1374.126707063,-1374.220353835,-1374.309004029,-1374.403944304,-1374.492950117,-1374.583953613,-1374.672812610,-1374.767598999,-1374.855382222,-1374.945239961,-1375.034931875,-1375.128666368,-1375.216882635,-1375.309482834,-1375.400790054,-1375.490032604,-1375.579071879,-1375.664503950,-1375.753593982,-1375.841889268,-1375.930269979,-1376.020322945,-1376.106353955,-1376.195548173,-1376.280315992,-1376.369304721,-1376.456197325,-1376.541205168,-1376.630986519,-1376.717744271,-1376.802604842,-1376.891950846,-1376.976567421,-1377.066070811,-1377.156766478,-1377.245703829,-1377.333789497,-1377.418853814,-1377.503731087,-1377.591693634,-1377.678562334,-1377.770240862,-1377.854192368,-1377.938351784,-1378.025077203,-1378.111672892,-1378.191469159,-1378.277722936,-1378.363060143,-1378.443993434,-1378.530185962,-1378.610713478,-1378.696035896,-1378.776843074,-1378.862051380,-1378.943632226,-1379.029208123,-1379.111423963,-1379.199737627,-1379.280311874,-1379.366439593,-1379.447193592,-1379.529064636,-1379.617667232,-1379.702116576,-1379.790973020,-1379.872396267,-1379.953816551,-1380.034707150,-1380.116513057,-1380.205151990,-1380.287354894,-1380.360606302,-1380.447588887,-1380.527882606,-1380.609798539,-1380.691160354,-1380.772411673,-1380.853760490,-1380.930547339,-1381.013579971,-1381.096038200,-1381.176582415,-1381.258801640,-1381.334195204,-1381.415730153,-1381.497096225,-1381.579134913,-1381.662281441,-1381.744796126,-1381.825182376,-1381.901931299,-1381.983276296,-1382.064539200,-1382.146284784,-1382.222233125,-1382.302607183,-1382.382356105,-1382.462262973,-1382.540712467,-1382.621722308,-1382.702738129,-1382.778024261,-1382.861122727,-1382.941465383,-1383.016779855,-1383.100432079,-1383.180190927,-1383.257127806,-1383.338113359,-1383.416588020,-1383.499284194,-1383.574647596,-1383.655673786,-1383.736556880,-1383.815595965,-1383.897580676,-1383.973219561,-1384.054379450,-1384.131444738,-1384.215018243,-1384.290358711,-1384.366051081,-1384.447617530,-1384.522919305,-1384.606436117,-1384.683713073,-1384.765457651,-1384.843668438,-1384.926113224,-1385.003427689,-1385.086339801,-1385.162400170,-1385.244247749,-1385.323382050,-1385.402323039,-1385.479852693,-1385.559378121,-1385.641999181,-1385.720562158,-1385.800899516,-1385.879668818,-1385.964804845,-1386.039863639,-1386.121029313,-1386.200090164,-1386.276678106,-1386.354038439,-1386.431774984,-1386.512188605,-1386.593087065,-1386.671083049,-1386.748340268,-1386.832804816,-1386.908327495,-1386.990610676,-1387.064915807,-1387.141401749,-1387.226040914,-1387.304583793,-1387.381547484,-1387.461215249,-1387.541193481,-1387.620935800,-1387.701558409,-1387.780921181,-1387.857450025,-1387.937501677,-1388.015179063,-1388.095765365,-1388.175714953,-1388.253995441,-1388.330985990,-1388.410570295,-1388.491072753,-1388.567520024,-1388.645469982,-1388.725883812,-1388.803953882,-1388.879926991,-1388.960324841,-1389.039509958,-1389.110794815,-1389.185708442,-1389.265661224,-1389.346166898,-1389.424344812,-1389.503447678,-1389.580070520,-1389.659789586,-1389.740860693,-1389.819997857,-1389.899011000,-1389.981803565,-1390.061443201,-1390.136573444,-1390.211859879,-1390.291279392,-1390.370171828,-1390.445499236,-1390.525136231,-1390.603500406,-1390.686903645,-1390.760702330,-1390.836952591,-1390.911473475,-1390.986719424,-1391.069724237,-1391.143960650,-1391.206736662,-1391.276156803,-1391.346005764,-1391.423200029,-1391.501246692,-1391.576699028,-1391.660034690,-1391.739534190,-1391.813993208,-1391.900064162,-1391.987410349,-1392.071871327,-1392.147146450,-1392.222734361,-1392.298494472,-1392.374605055,-1392.453796245,-1392.527584090,-1392.604760109,-1392.683847484,-1392.759325770,-1392.835105877,-1392.913747616,-1392.990379642,-1393.068289613,-1393.141620376,-1393.215386049,-1393.281746260,-1393.356076307,-1393.432708040,-1393.510381319,-1393.583891029,-1393.663995034,-1393.740845369,-1393.819758383,-1393.908812858,-1393.989879826,-1394.066307576,-1394.142617735,-1394.222159269,-1394.300280647,-1394.375266020,-1394.448857644,-1394.524261787,-1394.599494135,-1394.679897717,-1394.759224307,-1394.831921736,-1394.907101021,-1394.986689069,-1395.063948609,-1395.143005327,-1395.218079049,-1395.290912807,-1395.370601390,-1395.447844351,-1395.526660068,-1395.601700974,-1395.674690796,-1395.757639842,-1395.834404094,-1395.914981848,-1395.995020571,-1396.070282485,-1396.146347824,-1396.221990210,-1396.297528219,-1396.378131880,-1396.458512039,-1396.533387936,-1396.609338195,-1396.687011919,-1396.764286915,-1396.839932747,-1396.916969878,-1396.996519114,-1397.071907774,-1397.152005490,-1397.231985854,-1397.306482104,-1397.382645724,-1397.457993826,-1397.533598750,-1397.609310449,-1397.688393281,-1397.768300123,-1397.841687723,-1397.919762160,-1397.996831593,-1398.072686698,-1398.148526198,-1398.225371625,-1398.303225987,-1398.376678782,-1398.456552802,-1398.529382590,-1398.608398056,-1398.686009080,-1398.761149672,-1398.839196757,-1398.914876155,-1398.992200605,-1399.072028140,-1399.147789216,-1399.221443102,-1399.297085946,-1399.377626500,-1399.458096497,-1399.533626238,-1399.606450794,-1399.684589540,-1399.763903632,-1399.840737231,-1399.915934165,-1399.993791630,-1400.072614393,-1400.149825967,-1400.224985239,-1400.303513126,-1400.383114692,-1400.460155675,-1400.535858292,-1400.611437874,-1400.687963280,-1400.768018378,-1400.847131218,-1400.922303798,-1400.999086239,-1401.074671417,-1401.150811931,-1401.230839141,-1401.311512109,-1401.387041407,-1401.462660407,-1401.538396838,-1401.617325150,-1401.698362398,-1401.773804568,-1401.853980217,-1401.929333060,-1402.005221075,-1402.083610217,-1402.160638464,-1402.239041484,-1402.312500026,-1402.395639059,-1402.469683113,-1402.549203132,-1402.624352903,-1402.700395764,-1402.775868079,-1402.851136670,-1402.928647286,-1403.003641901,-1403.087260914,-1403.164305261,-1403.239672691,-1403.318913619,-1403.394838574,-1403.474653290,-1403.550669129,-1403.628482876,-1403.706087256,-1403.785709892,-1403.864439826,-1403.941365333,-1404.016299021,-1404.097091971,-1404.172182848,-1404.248390055,-1404.328016326,-1404.403681086,-1404.478836929,-1404.559848641,-1404.635132220,-1404.712416566,-1404.790794503,-1404.869845890,-1404.943544421,-1405.020852920,-1405.099786731,-1405.175604484,-1405.255864886,-1405.331669416,-1405.411032895,-1405.486676047,-1405.564725754,-1405.640515370,-1405.716133663,-1405.792017340,-1405.868167851,-1405.947476865,-1406.023669294,-1406.102357454,-1406.177649953,-1406.254316083,-1406.332424781,-1406.407212171,-1406.484042283,-1406.563387437,-1406.639700295,-1406.718944856,-1406.794188230,-1406.871241194,-1406.946590578,-1407.022482067,-1407.098473913,-1407.174266525,-1407.249134841,-1407.324368670,-1407.399815937,-1407.475553756,-1407.554371888,-1407.633294795,-1407.709821777,-1407.784509464,-1407.861620569,-1407.935074997,-1408.013894311,-1408.090966152,-1408.166390716,-1408.244632525,-1408.324055137,-1408.398294824,-1408.477290578,-1408.552040856,-1408.628809759,-1408.708755794,-1408.786781161,-1408.862151361,-1408.938917457,-1409.017617839,-1409.094337811,-1409.165385631,-1409.243086721,-1409.322373316,-1409.397751585,-1409.472218078,-1409.548984515,-1409.626564543,-1409.701770229,-1409.776778421,-1409.857061825,-1409.937435974,-1410.011320087,-1410.086867613,-1410.161180052,-1410.236921394,-1410.315753392,-1410.391771613,-1410.470170660,-1410.540420886,-1410.616406187,-1410.695646035,-1410.771893826,-1410.850948275,-1410.926296928,-1411.002216695,-1411.077139229,-1411.153348783,-1411.227124923,-1411.302100808,-1411.378818235,-1411.452745922,-1411.530613378,-1411.606130613,-1411.682324880,-1411.761351005,-1411.836879507,-1411.912335592,-1411.990631416,-1412.066385076,-1412.141659636,-1412.215244308,-1412.288108499,-1412.361444895,-1412.436366279,-1412.512682638,-1412.588594252,-1412.666033487,-1412.742123701,-1412.818708623,-1412.893238345,-1412.969101273,-1413.044732495,-1413.120092829,-1413.194133956,-1413.271169736,-1413.342627807,-1413.418016008,-1413.494910500,-1413.568677756,-1413.646588853,-1413.721673034,-1413.798508208,-1413.872609221,-1413.946097091,-1414.018980349,-1414.094667643,-1414.170728515,-1414.247060243,-1414.318955393,-1414.395419595,-1414.474646615,-1414.550176041,-1414.622418725,-1414.698242440,-1414.774512290,-1414.845441084,-1414.922755224,-1415.001811232,-1415.075041726,-1415.150238961,-1415.220913876,-1415.296620336,-1415.369448090,-1415.443901151,-1415.522893467,-1415.596813408,-1415.673909326,-1415.748887029,-1415.828111994,-1415.904493861,-1415.975768490,-1416.052440916,-1416.123646070,-1416.197974140,-1416.274904844,-1416.349728128,-1416.428201716,-1416.499332286,-1416.576172620,-1416.651224324,-1416.721946373,-1416.797786223,-1416.874194091,-1416.945861515,-1417.021558513,-1417.092224052,-1417.167656747,-1417.240929765,-1417.314788367,-1417.393018911,-1417.466504619,-1417.548030973,-1417.621134383,-1417.694080099,-1417.770204481,-1417.842194823,-1417.919722157,-1417.993736454,-1418.069856911,-1418.146633341,-1418.219488086,-1418.293070022,-1418.368652269,-1418.441791030,-1418.515778309,-1418.594621869,-1418.668806268,-1418.742420891,-1418.816209053,-1418.891445668,-1418.964430777,-1419.043136214,-1419.115812507,-1419.190268368,-1419.262338175,-1419.338109591,-1419.418523281,-1419.491268798,-1419.567639286,-1419.639083992,-1419.715105112,-1419.787822127,-1419.864154108,-1419.936737341,-1420.006999675,-1420.083324813,-1420.155056694,-1420.228049921,-1420.301454271,-1420.378474356,-1420.454834705,-1420.527732767,-1420.603820647,-1420.675018938,-1420.747252601,-1420.824304684,-1420.898829586,-1420.972520691,-1421.048021026,-1421.119081977,-1421.200733671,-1421.272753508,-1421.346929439,-1421.421288698,-1421.494517951,-1421.569422578,-1421.640492718,-1421.711687112,-1421.780544983,-1421.852264434,-1421.923897803,-1421.997681716,-1422.072101836,-1422.145638327,-1422.217031252,-1422.294457300,-1422.367223085,-1422.438477406,-1422.511211408,-1422.589361443,-1422.660749168,-1422.733380924,-1422.811741210,-1422.886063789,-1422.964104164,-1423.035749528,-1423.107038867,-1423.182712472,-1423.257092450,-1423.328153948,-1423.394659499,-1423.467053285,-1423.538614309,-1423.616305929,-1423.689399324,-1423.760724699,-1423.833010708,-1423.910955942,-1423.982340295,-1424.055278717,-1424.129617272,-1424.203919333,-1424.275154588,-1424.347183580,-1424.425698843,-1424.497315628,-1424.569037600,-1424.642854097,-1424.719216880,-1424.790554024,-1424.862075784,-1424.939683080,-1425.012814998,-1425.085002431,-1425.150768208,-1425.224569934,-1425.298934877,-1425.372290161,-1425.443677790,-1425.521290055,-1425.594473125,-1425.664598929,-1425.733463887,-1425.806976805,-1425.883595504,-1425.955009829,-1426.029199116,-1426.097854592,-1426.172540496,-1426.246427712,-1426.323023449,-1426.388996049,-1426.460373206,-1426.537222255,-1426.610776655,-1426.677954491,-1426.756665787,-1426.828126372,-1426.897081410,-1426.973575032,-1427.045356621,-1427.119437816,-1427.191350369,-1427.267782684,-1427.336708972,-1427.410472346,-1427.487452781,-1427.553377845,-1427.632055752,-1427.698132583,-1427.774638377,-1427.843593707,-1427.917366090,-1427.989888602,-1428.063552609,-1428.130370169,-1428.208632442,-1428.277467093,-1428.351555192,-1428.428662280,-1428.495583632,-1428.569326518,-1428.643473690,-1428.715797623,-1428.789359399,-1428.862673211,-1428.936362764,-1429.002688630,-1429.081530759,-1429.155549215,-1429.224852035,-1429.299002703,-1429.373214373,-1429.446770301,-1429.514276303,-1429.583822016,-1429.657728171,-1429.731246863,-1429.805533714,-1429.875078052,-1429.948995128,-1430.022647863,-1430.092240604,-1430.165850713,-1430.240107451,-1430.309548210,-1430.383528129,-1430.453005588,-1430.526794567,-1430.595258917,-1430.666478950,-1430.739262853,-1430.807126298,-1430.880384162,-1430.954309134,-1431.023636451,-1431.092139738,-1431.161022674,-1431.230031326,-1431.298884547,-1431.372983350,-1431.442741098,-1431.512669566,-1431.578795162,-1431.656466473,-1431.720583892,-1431.789881713,-1431.859130182,-1431.923587746,-1431.995542059,-1432.059395672,-1432.125932038,-1432.196035790,-1432.259905922,-1432.323807255,-1432.387743258,-1432.460184857,-1432.524334245,-1432.588569332,-1432.645984473,-1432.711015962,-1432.778347968,-1432.836338281,-1432.899906959,-1432.961045393,-1433.019244470,-1433.078116139,-1433.142253927,-1433.199518573,-1433.262657670,-1433.316232219,-1433.371143037,-1433.429255912,-1433.485825273,-1433.540215472,-1433.593667403,-1433.646472210,-1433.698109971,-1433.753361060,-1433.800200004,-1433.851195094,-1433.901615524,-1433.953130602,-1433.998470437,-1434.050039800,-1434.095077324,-1434.140117853,-1434.180860065,-1434.224845685,-1434.274724636,-1434.312651630,-1434.358173140,-1434.396139627,-1434.441724765,-1434.479662805,-1434.507753374,-1434.546695497,-1434.580731264,-1434.622287415,-1434.651491348,-1434.678234526,-1434.714845481,-1434.742509900,-1434.770598211,-1434.799575840,-1434.826312893,-1434.849980472,-1434.875149618,-1434.904131713,-1434.921944646,-1434.939258981,-1434.956567950,-1434.974202633,-1435.001268863,-1435.008789231,-1435.027389065,-1435.033536186,-1435.041415141,-1435.069769582,-1435.077948777,-1435.082911817,-1435.082944048,-1435.091970385,-1435.109486507,-1435.107566477,-1435.105878701,-1435.114763194,-1435.112179933,-1435.121097772,-1435.118361150,-1435.107003478,-1435.105835593,-1435.093134741,-1435.104223036,-1435.091261462,-1435.080365586,-1435.080212981,-1435.064116488,-1435.056505587,-1435.055462910,-1435.032354874,-1435.023414565,-1435.005402007,-1434.990906668,-1434.978700257,-1434.969398791,-1434.948302837,-1434.929620601,-1434.913121709,-1434.896227531,-1434.878374691,-1434.864139246,-1434.838930698,-1434.813957745,-1434.799569530,-1434.783595881,-1434.757043921,-1434.734147876,-1434.710200520,-1434.690482035,-1434.661130757,-1434.648261084,-1434.618805094,-1434.589441928,-1434.566146162,-1434.543955683,-1434.522493983,-1434.498865392,-1434.474857120,-1434.445828769,-1434.418275291,-1434.394376198,-1434.364094591,-1434.343969224,-1434.317634780,-1434.294367423,-1434.273745262,-1434.242416107,-1434.220926332,-1434.192348294,-1434.168061957,-1434.141687278,-1434.112938050,-1434.093782643,-1434.061056057,-1434.037567899,-1434.008942806,-1433.989070304,-1433.956743608,-1433.937212957,-1433.904755080,-1433.885035524,-1433.852492555,-1433.832808659,-1433.804629613,-1433.785284573,-1433.752258325,-1433.733663285,-1433.703037409,-1433.674462192,-1433.651488768,-1433.624360911,-1433.602439897,-1433.580936197,-1433.552931143,-1433.526779317,-1433.508138230,-1433.487350261,-1433.461390859,-1433.435304504,-1433.412056597,-1433.392327005,-1433.371296441,-1433.351419552,-1433.332087853,-1433.308208686,-1433.287588380,-1433.266089677,-1433.245532237,-1433.225129377,-1433.204676869,-1433.192719754,-1433.172045396,-1433.151949019,-1433.138785092,-1433.117364348,-1433.099004184,-1433.084743104,-1433.068099056,-1433.050813259,-1433.035005621,-1433.025287418,-1433.005851466,-1432.992561174,-1432.982592816,-1432.970872835,-1432.959954354,-1432.949027316,-1432.935441721,-1432.916152276,-1432.905217737,-1432.893881934,-1432.889076415,-1432.882825169,-1432.870822072,-1432.858933223,-1432.848017446,-1432.846778945,-1432.835855614,-1432.834284481,-1432.832621939,-1432.821435771,-1432.819902904,-1432.818273478,-1432.816645678,-1432.815017851,-1432.813390025,-1432.811762203,-1432.810134139,-1432.808518928,-1432.806222650,-1432.814497746,-1432.815695588,-1432.821287514,-1432.829852591,-1432.827473590,-1432.836200694,-1432.844012173,-1432.851468570,-1432.858639242,-1432.867717920,-1432.886041779,-1432.892102164,-1432.900093569,-1432.917169938,-1432.933433998,-1432.950973882,-1432.967915171,-1432.978094937,-1432.995384413,-1433.012876413,-1433.034386779,-1433.050747972,-1433.076853720,-1433.096956957,-1433.119326400,-1433.128645202,-1433.155642197,-1433.181589755,-1433.210870601,-1433.236376134,-1433.262304408,-1433.297154528,-1433.321955794,-1433.359365424,-1433.395301307,-1433.426557648,-1433.461632715,-1433.500133882,-1433.538365434,-1433.577577620,-1433.612411234,-1433.653428187,-1433.696432056,-1433.732173186,-1433.776262973,-1433.804761254,-1433.850910032,-1433.889562605,-1433.935427799,-1433.981885695,-1434.027311634,-1434.070180923,-1434.117500200,-1434.163256617,-1434.207991684,-1434.265662787,-1434.318061871,-1434.362772236,-1434.424924524,-1434.471925387,-1434.529514188,-1434.582656258,-1434.639332844,-1434.692981404,-1434.748793953,-1434.790434023,-1434.844251102,-1434.897442277,-1434.960594596,-1435.012984495,-1435.070347631,-1435.128223991,-1435.170034594,-1435.218482762,-1435.275763296,-1435.333659028,-1435.392428501,-1435.449057565,-1435.512224253,-1435.576484411,-1435.637837559,-1435.698182758,-1435.756940651,-1435.819297617,-1435.882764903,-1435.942292769,-1435.986861569,-1436.051312476,-1436.113068501,-1436.176489368,-1436.238521790,-1436.296443540,-1436.358926539,-1436.415562853,-1436.478318702,-1436.537439853,-1436.601230451,-1436.664121820,-1436.723637555,-1436.785409674,-1436.842790767,-1436.900948333,-1436.964606972,-1437.023119753,-1437.085753352,-1437.150613306,-1437.211393653,-1437.269878527,-1437.328546812,-1437.391684118,-1437.453299046,-1437.513369746,-1437.573333793,-1437.639194711,-1437.701259188,-1437.765229201,-1437.830068900,-1437.893088457,-1437.948598299,-1438.012042650,-1438.077880131,-1438.139946073,-1438.203859837,-1438.267768669,-1438.331661812,-1438.395802098,-1438.452218708,-1438.522352687,-1438.579803895,-1438.643335675,-1438.709409172,-1438.770120144,-1438.833116288,-1438.897684574,-1438.961148971,-1439.021096409,-1439.088002809,-1439.151070755,-1439.213632179,-1439.278726218,-1439.336961137,-1439.400678774,-1439.464570103,-1439.534899655,-1439.591275867,-1439.655389251,-1439.719440454,-1439.787653310,-1439.852219576,-1439.916094163,-1439.979997444,-1440.043902385,-1440.107415486,-1440.177292416,-1440.245487075,-1440.309993760,-1440.367458322,-1440.431746058,-1440.495683258,-1440.559591355,-1440.623582000,-1440.690283354,-1440.756471857,-1440.820438077,-1440.884260900,-1440.945340176,-1441.006335670,-1441.070076478,-1441.139267748,-1441.203298520,-1441.269947302,-1441.332176911,-1441.394021912,-1441.463445219,-1441.526272156,-1441.585179893,-1441.654947702,-1441.718416664,-1441.782313339,-1441.846226885,-1441.915656915,-1441.972861387,-1442.042938955,-1442.106887121,-1442.163627942,-1442.233611738,-1442.291777755,-1442.360738381,-1442.429740252,-1442.488786357,-1442.557316268,-1442.616206480,-1442.684005616,-1442.747539997,-1442.814884590,-1442.878437463,-1442.939628452,-1443.008525183,-1443.069457877,-1443.139615089,-1443.197657867,-1443.267203986,-1443.330348797,-1443.388484786,-1443.452385469,-1443.516372391,-1443.581006836,-1443.643440635,-1443.711335076,-1443.776225178,-1443.839650670,-1443.908257346,-1443.972739466,-1444.030615335,-1444.099217647,-1444.164775196,-1444.227015500,-1444.289783569,-1444.358642255,-1444.422726975,-1444.486433795,-1444.554664238,-1444.618550900,-1444.682735425,-1444.746226316,-1444.810063631,-1444.878821383,-1444.942819583,-1445.006477618,-1445.064567271,-1445.133478361,-1445.198424345,-1445.260879383,-1445.323765431,-1445.392666046,-1445.456803684,-1445.514692617,-1445.583352422,-1445.647522653,-1445.712304269,-1445.774654748,-1445.843465452,-1445.906698267,-1445.971242303,-1446.034744979,-1446.103656896,-1446.163546066,-1446.225452195,-1446.294255690,-1446.359639956,-1446.421655645,-1446.488650028,-1446.553273992,-1446.617857343,-1446.675741414,-1446.744239786,-1446.809841999,-1446.870687552,-1446.941020946,-1447.004156429,-1447.072264526,-1447.134738544,-1447.193945753,-1447.264444008,-1447.328173178,-1447.396421747,-1447.457953439,-1447.519169391,-1447.587762021,-1447.651408723,-1447.715429240,-1447.778670802,-1447.847728278,-1447.905283140,-1447.975295167,-1448.038809021,-1448.102313540,-1448.172796115,-1448.232835453,-1448.298952566,-1448.362909015,-1448.426755559,-1448.496371696,-1448.562421615,-1448.622602506,-1448.690142772,-1448.755966352,-1448.814287009,-1448.883290326,-1448.948368336,-1449.016591930,-1449.073456511,-1449.143823726,-1449.207467011,-1449.276625210,-1449.339118794,-1449.398244825,-1449.468030414,-1449.531522933,-1449.595415231,-1449.659297230,-1449.722767267,-1449.792563648,-1449.856247464,-1449.918708422,-1449.977966119,-1450.047933324,-1450.116325336,-1450.180280662,-1450.244141987,-1450.308044736,-1450.371950411,-1450.435856174,-1450.499761995,-1450.563667872,-1450.627547267,-1450.690766560,-1450.760451898,-1450.829570379,-1450.895907500,-1450.962488960,-1451.025708947,-1451.084691551,-1451.153286332,-1451.217274328,-1451.281184742,-1451.345553355,-1451.404445771,-1451.471818224,-1451.535816699,-1451.595506945,-1451.662693202,-1451.726454069,-1451.791986566,-1451.853570366,-1451.918976735,-1451.986116810,-1452.044599175,-1452.112912555,-1452.171290714,-1452.239812250,-1452.298535369,-1452.367104212,-1452.435485075,-1452.494070126,-1452.564336380,-1452.621188842,-1452.686381946,-1452.747494838,-1452.809159457,-1452.873617367,-1452.940357377,-1453.000787151,-1453.067864104,-1453.127075841,-1453.189097104,-1453.254071537,-1453.320698971,-1453.385730559,-1453.443172325,-1453.506784784,-1453.573189614,-1453.633489474,-1453.697306018,-1453.755866811,-1453.824334612,-1453.884481857,-1453.939473162,-1454.003299725,-1454.066343629,-1454.127313121,-1454.193835392,-1454.254293782,-1454.318139763,-1454.377678866,-1454.445411770,-1454.507021425,-1454.569287687,-1454.628067024,-1454.697009822,-1454.761003141,-1454.824927190,-1454.893710700,-1454.954334035,-1455.019909990,-1455.079326524,-1455.141735356,-1455.203256495,-1455.262634942,-1455.329191975,-1455.400390361,-1455.463619477,-1455.527547812,-1455.591064304,-1455.649511951,-1455.710360250,-1455.776164015,-1455.824021553,-1455.871603839,-1455.934640151,-1455.998111423,-1456.059794262,-1456.118103927,-1456.181639645,-1456.245745580,-1456.313517730,-1456.373023589,-1456.441033859,-1456.503874351,-1456.567993679,-1456.631071460,-1456.701590609,-1456.767986860,-1456.830848501,-1456.899211530,-1456.957996681,-1457.021443192,-1457.080348755,-1457.136499776,-1457.198830004,-1457.262206909,-1457.323744855,-1457.387140113,-1457.446518527,-1457.509049753,-1457.563175555,-1457.624113274,-1457.684522629,-1457.748016574,-1457.812003547,-1457.875475876,-1457.934944701,-1458.005244691,-1458.064704583,-1458.132782135,-1458.191113820,-1458.253509756,-1458.316598039,-1458.378691475,-1458.432892108,-1458.500093194,-1458.558262754,-1458.622552832,-1458.684071345,-1458.742492011,-1458.805953046,-1458.865764517,-1458.926291212,-1458.990780673,-1459.055368755,-1459.112752273,-1459.176490155,-1459.240053243,-1459.299278152,-1459.361279396,-1459.425192823,-1459.485585514,-1459.546414895,-1459.610401501,-1459.669276600,-1459.729171944,-1459.794478715,-1459.852073462,-1459.914271755,-1459.973022223,-1460.034792978,-1460.099624825,-1460.157884463,-1460.219580963,-1460.284469068,-1460.343032314,-1460.404391072,-1460.469307104,-1460.528269624,-1460.589247718,-1460.654129115,-1460.714383670,-1460.776366412,-1460.838336020,-1460.896998607,-1460.960756298,-1461.024506744,-1461.083474794,-1461.145039689,-1461.201905737,-1461.265966227,-1461.331292061,-1461.392186759,-1461.451348648,-1461.511335694,-1461.572293581,-1461.634478266,-1461.699164541,-1461.763697408,-1461.823824382,-1461.883874754,-1461.947732644,-1462.004793472,-1462.070196650,-1462.127315705,-1462.188375165,-1462.252373034,-1462.315158571,-1462.372895977,-1462.437472280,-1462.502054996,-1462.559111952,-1462.622051182,-1462.673835765,-1462.739635808,-1462.795147672,-1462.860424283,-1462.926827872,-1462.980947352,-1463.047429750,-1463.109902653,-1463.169071620,-1463.233766055,-1463.297116872,-1463.352432066,-1463.416378873,-1463.478648169,-1463.538993911,-1463.599942407,-1463.667751230,-1463.732534829,-1463.790761649,-1463.854948839,-1463.919288016,-1463.980471241,-1464.038705664,-1464.101843753,-1464.160283802,-1464.224087895,-1464.283024222,-1464.349660054,-1464.408924705,-1464.472697536,-1464.530937742,-1464.598096098,-1464.656815087,-1464.714704316,-1464.779789654,-1464.840042182,-1464.904545850,-1464.968539844,-1465.032520924,-1465.091190813,-1465.151406065,-1465.215777972,-1465.278397852,-1465.343213196,-1465.407152551,-1465.467769341,-1465.528984860,-1465.590968656,-1465.650277709,-1465.711795426,-1465.773667123,-1465.837950932,-1465.901834403,-1465.965718468,-1466.028573849,-1466.088422260,-1466.148206228,-1466.212674424,-1466.276327573,-1466.337796322,-1466.403052992,-1466.460559247,-1466.524385875,-1466.588040024,-1466.647726570,-1466.714542638,-1466.777281351,-1466.837018354,-1466.898140288,-1466.962503140,-1467.025801534,-1467.088046608,-1467.151296181,-1467.210854173,-1467.274286458,-1467.335002803,-1467.398677585,-1467.461652625,-1467.525845737,-1467.589747057,-1467.653978361,-1467.717375885,-1467.770112793,-1467.833524289,-1467.897252314,-1467.961512418,-1468.025789210,-1468.089155707,-1468.147452531,-1468.210321038,-1468.273818326,-1468.337389661,-1468.399833668,-1468.458226260,-1468.521246458,-1468.585480360,-1468.653245304,-1468.711204232,-1468.775069647,-1468.837432079,-1468.896084153,-1468.964721184,-1469.021975080,-1469.085939531,-1469.144548761,-1469.206701597,-1469.276473576,-1469.333486285,-1469.396272998,-1469.460665846,-1469.524602927,-1469.583158665,-1469.651372473,-1469.709371829,-1469.778634157,-1469.835862050,-1469.900229321,-1469.958727831,-1470.022017546,-1470.085915483,-1470.149821108,-1470.213726641,-1470.277631644,-1470.341376814,-1470.399087350,-1470.463081387,-1470.526991341,-1470.590876536,-1470.653848338,-1470.717162122,-1470.774074230,-1470.837795603,-1470.898756336,-1470.957894730,-1471.024113327,-1471.085047220,-1471.151277185,-1471.209239488,-1471.267341814,-1471.330392460,-1471.394194497,-1471.457539151,-1471.519035733,-1471.579669906,-1471.637717087,-1471.701617176,-1471.766411537,-1471.823175039,-1471.886805469,-1471.949247106,-1472.007200705,-1472.069732521,-1472.135109187};
  static const real_T y_reference_vector[1980] = {105631.683588904,105631.730161203,105631.774185141,105631.828958000,105631.876541726,105631.932010689,105631.983391705,105632.041746249,105632.095288540,105632.150643354,105632.210467442,105632.260739638,105632.328929911,105632.384766501,105632.442114218,105632.498549648,105632.561393050,105632.618913195,105632.681451012,105632.738445184,105632.799257534,105632.862056535,105632.921333526,105632.976927383,105633.041842340,105633.107775862,105633.167990552,105633.225686749,105633.292442761,105633.352559596,105633.413403180,105633.473065804,105633.533134414,105633.599142088,105633.659531834,105633.723379608,105633.786046039,105633.845657268,105633.907683707,105633.967573073,105634.030576568,105634.091741642,105634.154971952,105634.213362861,105634.276737973,105634.337751201,105634.401142451,105634.463187345,105634.526030467,105634.585038325,105634.647646517,105634.711554623,105634.769392035,105634.834274013,105634.895317178,105634.960392735,105635.020874426,105635.083209128,105635.142480018,105635.210165857,105635.267553408,105635.333138402,105635.393315858,105635.459332265,105635.517680108,105635.577959285,105635.640636384,105635.700944241,105635.771011587,105635.831993632,105635.888247645,105635.950532497,105636.016215111,105636.072444179,105636.141640490,105636.197691122,105636.260916141,105636.327829890,105636.383761952,105636.443882001,105636.510353198,105636.574893645,105636.634833051,105636.695999704,105636.754758649,105636.819151368,105636.881555852,105636.946037869,105637.005015917,105637.068358483,105637.131410221,105637.192759521,105637.255840319,105637.322558482,105637.382560017,105637.444259754,105637.511178583,105637.572754204,105637.632912846,105637.691649003,105637.761962848,105637.820745079,105637.883838301,105637.942570165,105638.006083369,105638.071544151,105638.135359122,105638.194189145,105638.257279477,105638.316017400,105638.379699088,105638.445323650,105638.508533501,105638.569927416,105638.635963219,105638.687672866,105638.751901118,105638.809967407,105638.872898660,105638.938584233,105638.995335662,105639.059957140,105639.116725268,105639.179372541,105639.238021029,105639.301143353,105639.361574727,105639.420347501,105639.481199320,105639.535267177,105639.598100447,105639.660869720,105639.717290717,105639.775350655,105639.832611637,105639.888905269,105639.952606781,105640.007293356,105640.067301222,105640.123647414,105640.183261823,105640.236645814,105640.297601901,105640.349412685,105640.412125091,105640.467638986,105640.525292986,105640.582284067,105640.632581624,105640.689263715,105640.743141941,105640.794504316,105640.847566005,105640.900333645,105640.956189536,105641.006474183,105641.061484827,105641.112961296,105641.165563016,105641.217920223,105641.261051680,105641.314369044,105641.366303584,105641.410056933,105641.463602813,105641.507368612,105641.550740709,105641.602574841,105641.657192704,105641.699714655,105641.743095899,105641.786875008,105641.835461796,105641.884079278,105641.927855942,105641.967849648,105642.012476832,105642.056840164,105642.096796426,105642.141485536,105642.182264966,105642.225576097,105642.268494088,105642.310116640,105642.341174780,105642.385449950,105642.426736103,105642.457884869,105642.501061712,105642.541106789,105642.576606766,105642.616317415,105642.647011018,105642.687108321,105642.721986870,105642.756311147,105642.793590317,105642.824330645,105642.852828311,105642.884903797,105642.924993726,105642.956399939,105642.988488046,105643.023748146,105643.058239458,105643.086675928,105643.116641771,105643.145656953,105643.174698888,105643.210317841,105643.233010267,105643.273892127,105643.303357477,105643.331337918,105643.361306972,105643.385897808,105643.408400483,105643.444495589,105643.474899524,105643.502087706,105643.526262945,105643.549868505,105643.576801412,105643.608328790,105643.633359248,105643.660408627,105643.688650016,105643.717268799,105643.743973771,105643.770786270,105643.797404483,105643.820450116,105643.844031257,105643.869441933,105643.896731050,105643.925083446,105643.953674135,105643.981790140,105643.997615233,105644.023378788,105644.050934688,105644.075713047,105644.103645416,105644.132153887,105644.159943404,105644.174580877,105644.198958750,105644.225441854,105644.250846237,105644.279456031,105644.304885641,105644.328534390,105644.345431815,105644.369592276,105644.397820887,105644.421860035,105644.450428305,105644.471298489,105644.494572539,105644.517948480,105644.541408860,105644.565920175,105644.590355283,105644.618070865,105644.642848015,105644.666950271,105644.692986734,105644.718045783,105644.741935698,105644.765952735,105644.790137797,105644.814319081,105644.829093929,105644.853290682,105644.877252364,105644.901205527,105644.926195310,105644.950219319,105644.978568240,105645.003013307,105645.026970162,105645.050350449,105645.074507791,105645.098738792,105645.122973250,105645.147038348,105645.170993254,105645.194380477,105645.218375654,105645.242534451,105645.276563764,105645.300274593,105645.325846348,105645.350378333,105645.370873135,105645.394772858,105645.418631077,105645.453250618,105645.477140211,105645.501339263,105645.522263556,105645.547632235,105645.581469068,105645.604773515,105645.628842369,105645.653847296,105645.686611425,105645.708633609,105645.736712729,105645.764981040,105645.786419781,105645.822488248,105645.846247694,105645.867829300,105645.901277424,105645.925023390,105645.959715455,105645.982783208,105646.015080143,105646.038487728,105646.071733144,105646.100106626,105646.128350172,105646.162965483,105646.184546449,105646.218351545,105646.242451048,105646.276809303,105646.311261279,105646.345734502,105646.379026128,105646.401087631,105646.435358979,105646.470098768,105646.504786254,105646.537409412,105646.569833018,105646.604481471,105646.639229984,105646.671852068,105646.694015021,105646.738023499,105646.771855517,105646.806630852,105646.839571937,105646.874000028,105646.908384370,105646.942295348,105646.984535799,105647.018988633,105647.053531289,105647.097577209,105647.129599228,105647.164190768,105647.206716377,105647.240852171,105647.284192960,105647.318902540,105647.361354914,105647.393882154,105647.434530293,105647.470459626,105647.513339909,105647.545213641,105647.590081126,105647.632767733,105647.676309366,105647.710857346,105647.754860137,105647.791676894,105647.830675961,105647.872944354,105647.915423593,105647.964124148,105648.007263675,105648.045944716,105648.089509464,105648.132415861,105648.180032333,105648.222400570,105648.272116736,105648.314005019,105648.361141088,105648.412305550,105648.452689619,105648.498758489,105648.548400663,105648.589624235,105648.641380762,105648.685268360,105648.725888378,105648.770919200,105648.817801575,105648.867239868,105648.916940430,105648.964027562,105649.012807885,105649.049521052,105649.102781059,105649.155666927,105649.202826778,105649.249719062,105649.310124927,105649.359857471,105649.408507911,105649.466742296,105649.514225820,105649.573445730,105649.622170788,105649.681062444,105649.729964665,105649.787666616,105649.838076956,105649.894800079,105649.941227501,105650.000003505,105650.047603616,105650.106517378,105650.163692292,105650.209729735,105650.261902104,105650.303867904,105650.361484264,105650.419186254,105650.477621807,105650.534804731,105650.580771236,105650.637536683,105650.703952054,105650.750600224,105650.810117208,105650.867100227,105650.924864239,105650.982788620,105651.040581574,105651.104405551,105651.159769409,105651.215964471,105651.274898092,105651.331454494,105651.397230764,105651.454772593,105651.512530472,105651.569326340,105651.624537060,105651.680651657,105651.739801789,105651.803681020,105651.861478465,105651.919387043,105651.976633593,105652.041629327,105652.100597741,105652.160396012,105652.220228117,105652.281775127,105652.339948544,105652.398163796,105652.461994275,105652.517373241,105652.576700412,105652.640215409,105652.694975257,105652.754232055,105652.816599964,105652.874790341,105652.936310404,105652.992155046,105653.055985111,105653.114177260,105653.172499748,105653.233254479,105653.289933439,105653.353556477,105653.411554564,105653.475001735,105653.529829283,105653.593412896,105653.658764586,105653.716249134,105653.779917846,105653.834806969,105653.897962627,105653.955200483,105654.016935165,105654.073188639,105654.136202878,105654.191786039,105654.256626983,105654.313750308,105654.374193427,105654.434384610,105654.496125510,105654.556022647,105654.611916686,105654.671842803,105654.730428475,105654.791395408,105654.844036363,105654.908014561,105654.965877622,105655.026674768,105655.090725685,105655.153785560,105655.216174041,105655.274915552,105655.333189154,105655.395421010,105655.458519419,105655.511642587,105655.575368567,105655.631641092,105655.696493449,105655.758791543,105655.811800485,105655.873304026,105655.936816125,105655.996518156,105656.056062003,105656.115622190,105656.174224545,105656.234350705,105656.298445720,105656.356558997,105656.418314083,105656.476987088,105656.536251882,105656.598091621,105656.661561573,105656.721388760,105656.780118882,105656.843113896,105656.904446197,105656.963343667,105657.024738578,105657.088187011,105657.147034407,105657.207400968,105657.276919735,105657.343200046,105657.402442847,105657.461243618,105657.522497114,105657.581711069,105657.645648854,105657.705295824,105657.763288888,105657.824192569,105657.884736140,105657.940212011,105657.999897801,105658.065950342,105658.129662363,105658.189908376,105658.250975634,105658.314521480,105658.374747750,105658.434790388,105658.489044288,105658.554476127,105658.617513042,105658.684313759,105658.748201307,105658.802919674,105658.867822904,105658.945999456,105659.017626507,105659.088793608,105659.151966028,105659.214069284,105659.277729963,105659.332065307,105659.390858691,105659.455516187,105659.506602173,105659.554923299,105659.608532172,105659.672251317,105659.735685528,105659.800931437,105659.865728347,105659.925997848,105659.991446946,105660.053423555,105660.114004889,105660.177572656,105660.242782674,105660.303918471,105660.367965385,105660.429240331,105660.495221792,105660.560683897,105660.635061224,105660.700210340,105660.764328614,105660.825842328,105660.891628370,105660.950736236,105661.014626792,105661.075319473,105661.118692257,105661.177182846,105661.241490128,105661.304797608,105661.364279559,105661.426450679,105661.490313830,105661.556791751,105661.620279426,105661.684896300,105661.743625566,105661.804218071,105661.871595107,105661.935328417,105661.995544120,105662.058968810,105662.119903241,105662.183707447,105662.250981148,105662.311068161,105662.374514446,105662.435770032,105662.499597124,105662.566697747,105662.622360325,105662.684273061,105662.742944883,105662.802551359,105662.866228596,105662.931079157,105662.996478236,105663.060010012,105663.118733408,105663.177861816,105663.241999281,105663.305158037,105663.367588711,105663.430762172,105663.496140392,105663.558269338,105663.617900585,105663.683615576,105663.742667460,105663.802302213,105663.866900163,105663.929904038,105663.995668606,105664.059038756,105664.122157347,105664.183077763,105664.242345252,105664.308278678,105664.369387580,105664.432935364,105664.495889258,105664.558867098,105664.622704167,105664.684035504,105664.749890504,105664.809229049,105664.877402678,105664.937429632,105665.000268323,105665.063970585,105665.126237505,105665.191567608,105665.253425879,105665.312617863,105665.375730977,105665.441901291,105665.505291051,105665.564138060,105665.623104499,105665.686587364,105665.753677303,105665.815840339,105665.875697435,105665.938163350,105666.002116058,105666.063680705,105666.123848720,105666.187206104,105666.250892462,105666.312532391,105666.372091746,105666.434219234,105666.499532691,105666.565000103,105666.627633626,105666.686750127,105666.747616112,105666.811311231,105666.875229829,105666.940698642,105667.003697565,105667.063001760,105667.121441208,105667.187000398,105667.250343290,105667.313430849,105667.374544915,105667.432619756,105667.498268904,105667.557634001,105667.621284905,105667.686355879,105667.747850146,105667.811362120,105667.872135273,105667.937970051,105667.992534145,105668.057667550,105668.116436803,105668.180285146,105668.243095544,105668.306569037,105668.370279429,105668.431384625,105668.495369463,105668.550163730,105668.613576950,105668.677166010,105668.737679526,105668.802734488,105668.862259146,105668.927165127,105668.989483233,105669.052228934,105669.111967187,105669.172417384,105669.234789503,105669.301092407,105669.359495360,105669.425544051,105669.488584282,105669.548140960,105669.613455295,105669.679477923,105669.737561460,105669.803376772,105669.865387116,105669.926175655,105669.986584617,105670.052140175,105670.113988108,105670.174694075,105670.239831074,105670.298790055,105670.364004652,105670.424180012,105670.487593747,105670.549785698,105670.612826607,105670.676178192,105670.741263838,105670.806006561,105670.866210210,105670.930889879,105670.992233627,105671.055811633,105671.119881928,105671.182020542,105671.246222583,105671.308112361,105671.368275868,105671.432814422,105671.493359621,105671.557060076,105671.618696333,105671.682308099,105671.745249920,105671.810017455,105671.873359898,105671.939695287,105672.005568301,105672.069144773,105672.132245988,105672.193422815,105672.254171855,105672.318375024,105672.384911131,105672.447043544,105672.512890902,105672.573480533,105672.636994818,105672.700388355,105672.762356388,105672.822451453,105672.887351126,105672.946725888,105673.010979888,105673.074895214,105673.134248512,105673.196496087,105673.259969519,105673.323881689,105673.384568833,105673.447017456,105673.516175147,105673.578861883,105673.639044999,105673.702826951,105673.769698593,105673.831996156,105673.894196972,105673.958027520,105674.024247550,105674.083229277,105674.142169542,105674.207606697,105674.271268013,105674.338335853,105674.401826232,105674.462394325,105674.527299275,105674.589036103,105674.659294771,105674.722426094,105674.782651836,105674.847270757,105674.908091384,105674.971647843,105675.036646078,105675.102916819,105675.165984150,105675.231441786,105675.295448761,105675.358669333,105675.423868469,105675.485330696,105675.550858757,105675.615546622,105675.676426981,105675.739783521,105675.803389289,105675.865335936,105675.928413570,105675.992114491,105676.057781808,105676.124286448,105676.190242290,105676.254355931,105676.316843583,105676.379732579,105676.442803323,105676.507629254,105676.571926685,105676.636634490,105676.699896753,105676.765312782,105676.830918079,105676.895934586,105676.958448364,105677.027581985,105677.093207911,105677.157080624,105677.224354030,105677.285470576,105677.351414548,105677.413625276,105677.479059210,105677.545687883,105677.612610169,105677.676042741,105677.740914432,105677.805441858,105677.873892605,105677.936996117,105677.996825331,105678.061126395,105678.129093897,105678.194219883,105678.258813493,105678.328701120,105678.390408474,105678.450491821,105678.518031468,105678.582020187,105678.652233000,105678.715665944,105678.782787563,105678.848297256,105678.908339115,105678.975225090,105679.038585625,105679.103427600,105679.163253186,105679.226459757,105679.295534076,105679.357948271,105679.427484314,105679.492500889,105679.556396381,105679.622375571,105679.682931332,105679.752609329,105679.816560275,105679.880715811,105679.950869763,105680.014158217,105680.078676270,105680.147667547,105680.211114348,105680.281336858,105680.345073372,105680.411621765,105680.477820067,105680.538857388,105680.606212376,105680.663769915,105680.730435475,105680.797781089,105680.862607100,105680.931193068,105680.993126630,105681.058147122,105681.122803686,105681.186820431,105681.254152743,105681.320426592,105681.383983937,105681.450702723,105681.516777154,105681.576965859,105681.643593268,105681.711020888,105681.776296306,105681.841852648,105681.909721998,105681.970198681,105682.038203436,105682.103073621,105682.171625705,105682.236807743,105682.296202816,105682.363466350,105682.428021699,105682.497253560,105682.562161665,105682.630097348,105682.694494543,105682.762762973,105682.833205391,105682.897815429,105682.966744429,105683.033522124,105683.100296886,105683.164068496,105683.228426774,105683.296179725,105683.361018099,105683.430528630,105683.498722151,105683.561152033,105683.627239907,105683.694192381,105683.757842547,105683.827554067,105683.884950631,105683.953725577,105684.020198445,105684.086481922,105684.153890144,105684.218204451,105684.287883680,105684.357392621,105684.429272131,105684.498241479,105684.567298375,105684.634168141,105684.700390876,105684.767512274,105684.836813703,105684.899979375,105684.967884590,105685.037326981,105685.105264520,105685.167693878,105685.237000865,105685.305050283,105685.366655178,105685.432199256,105685.494732857,105685.563777991,105685.633184759,105685.698132766,105685.764395801,105685.833980295,105685.906097955,105685.974578220,105686.043712133,105686.106607444,105686.174179481,105686.243549610,105686.311942763,105686.374580419,105686.443890567,105686.511620209,105686.577925900,105686.644268705,105686.713730487,105686.782385030,105686.844442962,105686.913516725,105686.982483510,105687.049320140,105687.113567169,105687.182925328,105687.252095737,105687.315076960,105687.382606612,105687.451232606,105687.524126828,105687.590973877,105687.657249217,105687.724554997,105687.793861814,105687.856838107,105687.924318940,105687.994909046,105688.066781447,105688.133926821,105688.197913581,105688.267193248,105688.333650748,105688.405736198,105688.471688627,105688.538448325,105688.602592345,105688.675276618,105688.744589183,105688.808338440,105688.875441718,105688.949029940,105689.010888508,105689.080121128,105689.151901916,105689.216015883,105689.284922039,105689.351489469,105689.420262433,105689.484438754,105689.556248758,105689.623134483,105689.686903485,105689.759632792,105689.821648094,105689.894250638,105689.958304229,105690.030085499,105690.096966990,105690.165119619,105690.232111336,105690.306065960,105690.368381193,105690.440284415,105690.506844825,105690.570334894,105690.644183960,105690.711095456,105690.777595789,105690.845950376,105690.913046043,105690.980394931,105691.047307699,105691.119615897,105691.181531948,105691.248162261,105691.319589355,105691.386086080,105691.452522623,105691.519588074,105691.590895366,105691.662047985,105691.728793658,105691.795933156,105691.862291436,105691.933472898,105692.000207243,105692.067210424,105692.138342661,105692.205389194,105692.271778099,105692.343064902,105692.409735334,105692.480984812,105692.547849434,105692.620129252,105692.689606633,105692.757488195,105692.830700545,105692.894722909,105692.961447236,105693.032849583,105693.105089807,105693.176944025,105693.248664358,105693.320756054,105693.384013069,105693.455001105,105693.525790809,105693.600468280,105693.660469120,105693.737004704,105693.808430878,105693.879907436,105693.955986277,105694.021909953,105694.098897239,105694.172220675,105694.240672129,105694.317636839,105694.394558940,105694.471433690,105694.536692297,105694.613278616,105694.689998044,105694.770809197,105694.846365045,105694.919224068,105694.999702670,105695.076817155,105695.153586846,105695.233074830,105695.313009050,105695.389784992,105695.470701935,105695.545225485,105695.628515259,105695.710840217,105695.791238599,105695.872564898,105695.955201263,105696.038401693,105696.121991160,105696.206282229,105696.288401052,105696.375578316,105696.460299687,105696.542569179,105696.626961888,105696.715039150,105696.799371339,105696.887630322,105696.975887511,105697.066730347,105697.155947284,105697.238281955,105697.330821894,105697.418789916,105697.511299848,105697.599229620,105697.691765883,105697.786145702,105697.878486735,105697.972303570,105698.062666078,105698.156795380,105698.252050007,105698.344819939,105698.439258371,105698.530592124,105698.624741500,105698.719375449,105698.814589308,105698.909754067,105699.001281896,105699.097539452,105699.193948798,105699.291020083,105699.387336450,105699.481908527,105699.580169008,105699.676338790,105699.774858402,105699.873051217,105699.967380302,105700.065516462,105700.164259510,105700.263932992,105700.361906734,105700.458937152,105700.558945411,105700.658943305,105700.756946373,105700.857113409,105700.955109870,105701.055234090,105701.153057498,105701.253146742,105701.350707908,105701.448902866,105701.547657942,105701.645567694,105701.745882886,105701.842648363,105701.941303055,105702.041420084,105702.136624228,105702.234974115,105702.332380512,105702.430351675,105702.527956224,105702.626834021,105702.723765039,105702.821047692,105702.917823846,105703.015073850,105703.111795318,105703.209920462,105703.305238052,105703.400616320,105703.498713681,105703.595841129,105703.690450858,105703.787218592,105703.883033802,105703.979699858,105704.074086375,105704.172235624,105704.267218636,105704.362283356,105704.458108945,105704.555017340,105704.651311582,105704.747173752,105704.842885655,105704.938008437,105705.033446782,105705.129136873,105705.223932404,105705.320410623,105705.416237408,105705.511988741,105705.609018019,105705.703668584,105705.799996512,105705.895061853,105705.991558665,105706.086941535,105706.182022319,105706.279385288,105706.373777354,105706.469620027,105706.565458607,105706.662568355,105706.757117870,105706.854330431,105706.948855825,105707.045958442,105707.140404912,105707.237236503,105707.333163189,105707.430356241,105707.524694417,105707.622128791,105707.717553583,105707.812045030,105707.908711097,105708.004697215,105708.101396740,105708.197732659,105708.293572620,105708.388998980,105708.486426427,105708.583094312,105708.678936498,105708.775064699,105708.870994440,105708.968215749,105709.064636326,105709.161642277,105709.258958628,105709.354729566,105709.451715459,105709.547992036,105709.644993128,105709.742033405,105709.839050440,105709.936828593,105710.033804751,105710.130897320,105710.228474622,105710.325313591,105710.421964883,105710.520068497,105710.617773249,105710.714626190,105710.812364976,105710.911082413,105711.008274228,105711.106430589,105711.205108318,105711.303511134,105711.402039744,105711.500567011,105711.598677024,105711.695891836,105711.794417925,105711.892881038,105711.992369058,105712.091630177,105712.189988559,105712.288364872,105712.386893906,105712.486941760,105712.585469608,105712.685465256,105712.785446557,105712.883933154,105712.983934808,105713.083921307,105713.183908061,105713.283894811,105713.383881561,105713.483868311,105713.583855090,105713.683840279,105713.783909747,105713.882671060,105713.982308148,105714.081401490,105714.180126919,105714.280206623,105714.378912003,105714.477730688,105714.576593270,105714.675492818,105714.774098863,105714.871040819,105714.970085899,105715.068882360,105715.166554559,105715.264327279,105715.361942122,105715.459631038,105715.558156658,105715.655802488,105715.753423256,105715.850546765,105715.948307790,105716.044852592,105716.141431578,105716.238558673,105716.337188876,105716.433633657,105716.530205707,105716.625654454,105716.722378810,105716.818962418,105716.911950108,105717.008985225,105717.101076048,105717.193696446,105717.287431083,105717.379734687,105717.471487751,105717.563284394,105717.654578335,105717.747819451,105717.836906149,105717.925160101,105718.017704658,105718.105937085,105718.201682786,105718.288683769,105718.380526392,105718.469258595,105718.557721797,105718.645080530,105718.733668659,105718.820232624,105718.909007563,105718.996809142,105719.078012851,105719.162756979,105719.250587970,105719.327307840,105719.414923977,105719.496193176,105719.580448274,105719.662293722,105719.746205288,105719.828590407,105719.918321735,105720.002385025,105720.086589684,105720.162291421,105720.247091545,105720.328471674,105720.409494017,105720.499839938,105720.584738407,105720.666066111,105720.747079618,105720.827495096,105720.909464020,105720.985111680,105721.061763701,105721.140420503,105721.219768125,105721.299850296,105721.376449460,105721.453691524,105721.531736106,105721.621361490,105721.696152314,105721.774655456,105721.850075171,105721.926602380,105722.007714483,105722.084395324,105722.163941403,105722.240114678,105722.319708240,105722.396710657,105722.472643863,105722.550676481,105722.629196832,105722.710559207,105722.791394526,105722.868488858,105722.948850249,105723.025145408,105723.101347825,105723.178680649,105723.257644659,105723.338368092,105723.413410003,105723.490670952,105723.570378554,105723.648214742,105723.721855674,105723.800138942,105723.877006823,105723.953223974,105724.028921368,105724.111961363,105724.187390845,105724.261048666,105724.339330220,105724.416240119,105724.493153658,105724.570077837,105724.646839255,105724.729088468,105724.799828556,105724.881345899,105724.956605697,105725.031465450,105725.109440982,105725.187033988,105725.261597769,105725.338938720,105725.417681505,105725.491734080,105725.569186196,105725.645817276,105725.721436638,105725.802220254,105725.879261477,105725.956189364,105726.026792285,105726.109067146,105726.185844987,105726.262610195,105726.335145421,105726.411389588,105726.488337203,105726.565255634,105726.642172378,105726.719487898,105726.790337086,105726.863155369,105726.939528464,105727.021092120,105727.097733072,105727.174626349,105727.251540270,105727.328374688,105727.402607079,105727.477331792,105727.554189490,105727.631165248,105727.710119326,105727.789140255,105727.866194153,105727.938036228,105728.014830539,105728.089077588,105728.166700935,105728.245139611,105728.316750677,105728.394454812,105728.475041987,105728.546301613,105728.623634712,105728.700559104,105728.777467345,105728.849103110,105728.930937182,105729.002014080,105729.079007741,105729.161198576,105729.232334348,105729.313498604,105729.385448747,105729.457363784,105729.537680704,105729.610205160,105729.690309932,105729.763621621,105729.840873479,105729.913792358,105729.990362448,105730.068915951,105730.140736431,105730.218907629,105730.289998887,105730.371009450,105730.442536258,105730.518811040,105730.599827643,105730.676747557,105730.753590284,105730.829841792,105730.906659386,105730.979597906,105731.054402355,105731.131753852,105731.203951119,105731.279176609,105731.360307900,105731.432823992,105731.508236796,105731.585210791,105731.661780334,105731.734024086,105731.810777663,105731.887873994,105731.960325388,105732.035995815,105732.111448015,105732.188740211,105732.265718310,105732.337821418,105732.413419636,105732.490567373,105732.571575779,105732.643757295,105732.719728612,105732.796537938,105732.873039336,105732.945032093,105733.020523186,105733.101676433,105733.174115446,105733.250791436,105733.326909236,105733.403792265,105733.476049704,105733.553456899,105733.628554666,105733.705835802,105733.777764858,105733.857417603,105733.934645396,105734.006958002,105734.082524281,105734.159666776,105734.233377135,105734.308350770,105734.383487790,105734.464593401,105734.537216108,105734.612589251,105734.690851752,105734.761693559,105734.839336830,105734.911735810,105734.989291237,105735.069038451,105735.139730884,105735.216830116,105735.289702082,105735.367222825,105735.445795376,105735.517883705,105735.595034477,105735.671845932,105735.748031987,105735.819974064,105735.901490117,105735.972616633,105736.049916457,105736.127225393,105736.197936839,105736.276936251,105736.351834426,105736.428703947,105736.505677021,105736.577114760,105736.652085050,105736.730941580,105736.804472977,105736.879534475,105736.960526740,105737.032453677,105737.108249570,105737.181113681,105737.263176301,105737.333994434,105737.411168580,105737.483040297,105737.560993459,105737.641445680,105737.712687747,105737.789998345,105737.866927094,105737.943865795,105738.021199977,105738.092461902,105738.169587237,105738.247549541,105738.327897702,105738.398955415,105738.471283195,105738.548148635,105738.625109749,105738.702028701,105738.778944675,105738.855860560,105738.932776384,105739.009692152,105739.086634785,105739.164247075,105739.235284501,105739.307195992,105739.381643504,105739.455850162,105739.533213521,105739.613426591,105739.685512088,105739.762344922,105739.839273704,105739.915885952,105739.995756543,105740.069094554,105740.145909494,105740.224920261,105740.298687264,105740.375739700,105740.449651480,105740.528286858,105740.603671338,105740.677234664,105740.757587584,105740.830071732,105740.910697600,105740.982827994,105741.063342610,105741.135252616,105741.207810013,105741.288000183,105741.358649770,105741.440477972,105741.514923209,105741.593801906,105741.670699501,105741.745270503,105741.819540556,105741.897803710,105741.970683387,105742.051174379,105742.127714652,105742.201927950,105742.275080798,105742.349769624,105742.431252255,105742.506477346,105742.579816421,105742.659376496,105742.736359040,105742.816564468,105742.889012065,105742.967692235,105743.049615650,105743.125294177,105743.200395874,105743.278245802,105743.350629422,105743.429038081,105743.505998637,105743.585159951,105743.658460154,105743.735710174,105743.811535459,105743.890272809,105743.962097671,105744.038931160,105744.115829825,105744.187958337,105744.265140549,105744.339237855,105744.419218111,105744.497149739,105744.575834844,105744.653983779,105744.726084566,105744.795706155,105744.873305573,105744.950202627,105745.027409355,105745.106393088,105745.183784256,105745.257224290,105745.341549112,105745.429578855,105745.507049082,105745.582427604,105745.659167443,105745.740043969,105745.817333855,105745.892505162,105745.964931526,105746.044191080,105746.117176426,105746.193126764,105746.269883013,105746.345592102,105746.415718603,105746.488080058,105746.564103917,105746.636678263,105746.716665719,105746.793924547,105746.873865315,105746.954833887,105747.031158067,105747.106615366,105747.185276802,105747.260858417,105747.338988649,105747.415230018,105747.495848396,105747.572297506,105747.649791816,105747.725193315,105747.802048251,105747.877514631,105747.955594292,105748.025483896,105748.104805154,105748.177068081,105748.257949870,105748.334496483,105748.410396790,105748.486201159,105748.569579572,105748.641273172,105748.722007667,105748.798636287,105748.875427635,105748.954429590,105749.031677767,105749.111576287,105749.188935603,105749.265417974,105749.341869308,105749.423232813,105749.500262266,105749.577433153,105749.655704432,105749.734030365,105749.810940558,105749.889425669,105749.967540558,105750.044395168,105750.123096700,105750.201063377,105750.276967884,105750.358181058,105750.436358716,105750.515060397,105750.591720797,105750.667944288,105750.748864862,105750.825486514,105750.901671390,105750.982414666,105751.059238994,105751.135403088,105751.215889137,105751.292956974,105751.369148318,105751.448554213,105751.526750352,105751.603590278,105751.683792481,105751.760818564,105751.837850055,105751.917739749,105751.994950014,105752.076874914,105752.151785077,105752.227642349,105752.304762540,105752.385109466,105752.463757652,105752.541857977,105752.618350045,105752.694685795,105752.771135012,105752.848775426,105752.928512263,105753.005455191,105753.087129977,105753.161140304,105753.242460692,105753.320164863,105753.395090665,105753.471159052,105753.552151980,105753.628627133,105753.705097983,105753.786706467,105753.862586761,105753.947752999,105754.021499385,105754.104165535,105754.178540436,105754.251943962,105754.335835512,105754.409119083,105754.485905716,105754.565426169,105754.641752026,105754.717183067,105754.800398478,105754.875383429,105754.951942164,105755.030524570,105755.108433517,105755.180816338,105755.255601028,105755.336190752,105755.412896606,105755.487557957,105755.564829476,105755.645675444,105755.723130533,105755.803773403,105755.880757714,105755.961024223,105756.034215019,105756.114493617,105756.191508878,105756.272168801,105756.343890774,105756.424014000,105756.505071008,105756.579677560,105756.657182165,105756.733653679,105756.810503772,105756.887363370,105756.966208022,105757.043950812,105757.120611209,105757.196623411,105757.272859834,105757.349750755,105757.428008565,105757.505894319,105757.582560443,105757.660860307,105757.737311135,105757.814282160,105757.890915379,105757.967847949,105758.044780075,105758.120844155,105758.198687567,105758.276738623,105758.353233977,105758.430338794,105758.507823461,105758.581337032,105758.662762977,105758.739733252,105758.816837769,105758.896036621,105758.968083347,105759.044188459,105759.122037332,105759.201011635,105759.277585106,105759.353107487,105759.429534499,105759.505216438,105759.583221860,105759.658770915,105759.738035542,105759.815175356,105759.890972387,105759.967672975,105760.044592211,105760.121263817,105760.196769068,105760.281573321,105760.357158615,105760.432478418,105760.507236823,105760.581964977,105760.657614506,105760.738499865,105760.816190224,105760.891666200,105760.967047624,105761.043377662,105761.123945689,105761.199730961,105761.274663781,105761.347402580,105761.428281168,105761.505227312,105761.581671183,105761.662046467,105761.733962881,105761.815481497,105761.890609186,105761.970905448,105762.047515510,105762.118605916,105762.200451050,105762.276356422,105762.352907440,105762.429799867,105762.510542947,105762.582647026,105762.663583252,105762.735039693,105762.816612228,105762.893210974,105762.973814094,105763.051150096,105763.128071355,105763.204987372,105763.281903454,105763.358819854,105763.435832341,105763.516472661,105763.593335538,105763.670248971,105763.747179358,105763.824750291,105763.899253213,105763.980789731,105764.054590976,105764.130816436,105764.210749523,105764.280861152,105764.357472565,105764.429091172,105764.505073012,105764.582297474,105764.659809143,105764.736798052,105764.811029520,105764.887223403,105764.960267650,105765.041004461,105765.117924516,105765.194306264,105765.275515960,105765.352626211,105765.427811189,105765.508003931,105765.583440586,105765.656651260};
